0.43099,0,0.64663,0,0.63374,0.36252,1,0.032736,1,0.91412,0.80851,1,0.79636,5
0.76334,0,0.64663,0,0.63374,0.40659,1,0.026898,1,0.91412,0.80851,0.96992,0.58637,5
0.28144,0,0.64663,0,0.63374,0.46484,1,0.041757,1,0.91412,0.80851,1,0.69095,5.6
0.11139,0,0.64663,0,0.63374,0.43897,0.77137,0.033719,1,0.91412,0.80851,0.85188,0.77925,6.3
0.5141,0,0.64663,0,0.63374,0.18356,1,0.048068,1,0.91412,0.80851,0.22177,0.97268,7
0.00199,0,1,0,0.46091,0.35505,0.98249,0.056907,0.13043,1,0.79787,0.86674,0.61369,7
0.18889,0,0.64663,0,0.64815,0.3288,0.98043,0.026962,1,0.91412,0.80851,1,0.80243,7.2
0.2032,0,0.64663,0,0.60494,0.55049,1,0.064118,1,0.91412,0.80851,0.067906,0.75386,7.2
0.25391,0,0.64663,0,0.64815,0.27572,0.89186,0.035355,1,0.91412,0.80851,1,0.83499,7.4
0.1217,0,0.64663,0,0.60494,0.61717,0.90525,0.062736,1,0.91412,0.80851,0.053583,0.66391,7.5
0.0022608,0,1,0,0.46091,0.29354,0.9794,0.063018,0.13043,1,0.79787,0.80213,0.77125,8.1
0.27869,0,0.64663,0,0.63374,0.34259,0.95881,0.052124,1,0.91412,0.80851,1,0.49779,8.3
0.17819,0,0.64663,0,0.60494,0.4474,0.95263,0.070929,1,0.91412,0.80851,0.018559,0.62528,8.3
0.15367,0,0.64663,0,0.73045,0.45488,0.87539,0.062836,1,0.91412,0.80851,0.17305,0.891,8.4
0.086161,0,0.64663,0,0.63374,0.41885,0.98867,0.045813,1,0.91412,0.80851,0.99042,0.50193,8.5
0.46671,0,0.64663,0,0.63374,0.37747,0.84964,0.043449,1,0.91412,0.80851,0.82995,0.70778,8.5
0.17052,0,0.64663,0,0.73045,0.49646,1,0.071347,1,0.91412,0.80851,0.022694,0.68212,8.7
0.22568,0,0.64663,0,0.64815,0.15463,0.90937,0.028181,1,0.91412,0.80851,0.71993,0.79746,8.8
0.82643,0,0.64663,0,0.60494,0.45909,1,0.061199,1,0.91412,0.80851,0.040673,0.52125,8.8
0.1049,0,0.64663,0,0.60494,0.54014,0.95469,0.076258,1,0.91412,0.80851,0.1523,0.61672,9.5
0.16202,0,0.64663,0,0.73045,0.55566,0.931,0.079386,1,0.91412,0.80851,0.068511,0.45033,9.6
0.20075,0,0.64663,0,0.58848,0.51006,1,0.023325,1,0.91412,0.80851,0.99203,0.55326,10.2
0.16104,0,0.64663,0,0.64815,0.25273,1,0.041821,1,0.91412,0.80851,0.93953,0.79719,10.2
0.13758,0,0.64663,0,0.40947,0.4361,0.58496,0.078931,1,0.91412,0.80851,0.06135,0.38521,10.2
1,0,0.64663,0,0.58848,0.65281,0.91658,0.026089,1,0.91412,0.80851,1,0.42715,10.4
0.2915,0,0.64663,0,0.60494,0.33397,0.88774,0.047095,1,0.91412,0.80851,0.32034,0.68736,10.4
0.27411,0,0.64663,0,0.64815,0.20904,1,0.0307,1,0.91412,0.80851,1,0.73262,10.5
0.14382,0,0.64663,0,0.73045,0.43936,0.96498,0.069656,1,0.91412,0.80851,0.60568,0.60872,10.8
0.17835,0,0.64663,0,0.58848,0.57176,0.99073,0.035428,1,0.91412,0.80851,1,0.53394,10.9
0.42324,0,0.64663,0,0.60494,0.50604,0.78064,0.066682,1,0.91412,0.80851,0.046649,0.35292,10.9
0.082734,0,0.64663,0,0.60494,0.50431,0.77446,0.073293,1,0.91412,0.80851,0.2431,0.54608,11
0.10319,0,0.64663,0,0.64815,0.37842,1,0.040993,1,0.91412,0.80851,1,0.60348,11.3
0.091553,0,0.64663,0,0.64815,0.35045,0.98867,0.054424,1,0.91412,0.80851,1,0.52759,11.5
0.09875,0,0.64663,0,0.40947,0.38398,0.69722,0.084924,1,0.91412,0.80851,0.0083968,0.42577,11.7
0.15631,0,0.64663,0,0.6749,0.50719,0.94851,0.099355,1,0.91412,0.80851,0.25294,0.37086,11.7
0.031173,0,0.70088,0,1,0.25714,0.97734,0.019669,0.17391,0.41221,0.2234,1,0.76049,11.8
0.11988,0,0.64663,0,0.73045,0.55528,0.94645,0.078049,1,0.91412,0.80851,0.10777,0.61396,11.8
0.00046184,0,0.42045,0,0.38683,0.47308,0.80227,0.12507,0,0.16412,0.89362,1,0.1697,11.9
0.16879,0,0.64663,0,0.47119,0.33397,0.97219,0.088307,1,0.91412,0.80851,0.88043,0.63962,12
0.10778,0,0.64663,0,0.63374,0.54474,1,0.046322,1,0.91412,0.80851,0.94758,0.51269,12.1
0.089763,0,0.64663,0,0.64815,0.37536,1,0.036692,1,0.91412,0.80851,1,0.62997,12.3
0.065929,0,0.64663,0,0.63374,0.54493,0.95881,0.049759,1,0.91412,0.80851,1,0.48675,12.5
0.11148,0,0.64663,0,0.73045,0.51542,0.96498,0.097155,1,0.91412,0.80851,0.97887,0.40591,12.6
0.012639,0,0.28152,0,0.31481,0.41234,0.93924,0.28221,0.13043,0.22901,0.89362,0.90738,0.57588,12.7
0.15009,0,0.64663,0,0.63374,0.44568,0.94542,0.059335,1,0.91412,0.80851,1,0.40342,12.7
0.052405,0,0.64663,0,0.6749,0.46273,0.87539,0.13195,1,0.91412,0.80851,0.025619,0.47682,12.7
0.10548,0,0.64663,0,0.73045,0.39586,0.93718,0.062527,1,0.91412,0.80851,1,0.58361,12.8
0.08452,0,0.64663,0,0.6749,0.54723,0.98249,0.095973,1,0.91412,0.80851,0.76628,0.4851,13
0.012874,0,0.28152,0,0.31481,0.41004,0.94851,0.24167,0.13043,0.22901,0.89362,0.90385,0.45861,13.1
0.26573,0,0.64663,0,0.58848,0.54014,0.96087,0.023325,1,0.91412,0.80851,1,0.60596,13.1
0.097903,0,0.64663,0,0.63374,0.55758,0.98764,0.054206,1,0.91412,0.80851,0.98759,0.42467,13.1
0.01553,0,0.28152,0,0.31481,0.45775,0.81462,0.26011,0.13043,0.22901,0.89362,0.58571,0.71689,13.2
0.0027367,0,0.78556,0,0.49177,0.43993,0.98146,0.049014,0.13043,0.4771,0.91489,0.98775,0.54056,13.3
0.11034,0,0.64663,0,0.58848,0.61947,0.98764,0.020769,1,0.91412,0.80851,1,0.53836,13.3
0.071786,0,0.64663,0,0.40947,0.49837,0.97322,0.097882,1,0.91412,0.80851,0.76262,0.61727,13.3
0.037257,0,0.70088,1,1,0.35294,1,0.017459,0.17391,0.41221,0.2234,1,0.69233,13.4
0.079174,0,0.64663,0,0.47119,0.48707,0.84655,0.081132,1,0.91412,0.80851,0.0055474,0.59492,13.4
0.12537,0,0.64663,0,0.73045,0.58785,0.94439,0.090489,1,0.91412,0.80851,0.27619,0.59437,13.4
0.075435,0,0.64663,0,0.6749,0.61084,0.92379,0.10858,1,0.91412,0.80851,0,0.4335,13.4
0.018057,0,0.28152,0,0.31481,0.48573,0.96807,0.23918,0.13043,0.22901,0.89362,0.62532,0.51352,13.5
0.092102,0,0.64663,0,0.6749,0.45507,0.79712,0.15001,1,0.91412,0.80851,0.0080186,0.4197,13.5
0.0011175,0,1,0,0.46091,0.46407,0.98764,0.067155,0.13043,1,0.79787,0.98288,0.45088,13.6
0.026672,0,0.70088,0,1,0.49224,1,0.026326,0.17391,0.41221,0.2234,0.4352,0.71937,13.8
0.12478,0,0.64663,0,0.5823,0.25771,1,0.0040557,1,0.91412,0.80851,1,0.9117,13.8
0.097094,0,0.64663,0,0.63374,0.50431,0.92379,0.060162,1,0.91412,0.80851,1,0.37086,13.8
0.090474,0,0.64663,0,0.40947,0.35754,0.95263,0.11823,1,0.91412,0.80851,0.88824,0.45281,13.8
0.0093764,0,0.28152,0,0.31481,0.3905,0.85273,0.30236,0.13043,0.22901,0.89362,0.76428,0.40784,13.9
0.17176,0,0.64663,0,0.58848,0.59168,0.931,0.019578,1,0.91412,0.80851,0.91457,0.59354,13.9
0.0031986,0,0.78556,0,0.49177,0.50067,0.93409,0.043858,0.13043,0.4771,0.91489,0.97776,0.61893,14
0.11303,0,0.64663,0,0.40947,0.62694,0.9413,0.08717,1,0.91412,0.80851,0.20427,0.49558,14.1
0.10479,0,0.64663,0,0.6749,0.50278,0.98661,0.10294,1,0.91412,0.80851,1,0.45254,14.1
0.053344,0,0.64663,0,0.6749,0.56792,0.86097,0.11878,1,0.91412,0.80851,0.12759,0.45254,14.1
0.078861,0,0.64663,0,0.68519,0.46848,0.9516,0.067746,1,0.91412,0.80851,0.80604,0.38549,14.2
0.009834,0,0.78556,0,0.49177,0.39778,0.94542,0.077322,0.13043,0.4771,0.91489,1,0.45833,14.3
0.062659,0,0.64663,0,0.6749,0.55087,0.87539,0.10787,1,0.91412,0.80851,0.25183,0.39983,14.3
0.0027824,0,0.23644,0,0.12963,0.35217,0.9516,0.43107,0.086957,0.087786,0.56383,1,0.80243,14.4
0.011039,0,0.28152,0,0.31481,0.4315,1,0.26968,0.13043,0.22901,0.89362,0.99405,0.50083,14.5
0.015156,0,0.28152,0,0.31481,0.48113,1,0.27693,0.13043,0.22901,0.89362,0.94914,0.31209,14.5
0.095378,0,0.64663,0,0.40947,0.53401,0.85685,0.083942,1,0.91412,0.80851,0.20962,0.43902,14.5
0.026552,0,0.70088,0,1,0.26154,0.95572,0.030118,0.17391,0.41221,0.2234,0.98691,0.76711,14.6
0.11495,0,0.64663,0,0.47119,0.50278,0.96601,0.094654,1,0.91412,0.80851,0.95663,0.44978,14.6
0.010672,0,0.28152,0,0.31481,0.47634,0.88465,0.30225,0.13043,0.22901,0.89362,0.77175,0.42908,14.8
0.10686,0,0.64663,0,0.6749,0.60682,0.93924,0.12426,1,0.91412,0.80851,0.016037,0.46854,14.9
0.087062,0,0.64663,0,0.6749,0.525,0.83213,0.15036,1,0.91412,0.80851,0.68559,0.40011,14.9
0.0024567,0.125,0.27163,0,0.28601,0.53957,0.9413,0.47442,0.17391,0.23664,0.2766,0.98896,0.51656,15
0.22033,0,0.64663,0,0.58848,0.71891,0.97837,0.016978,1,0.91412,0.80851,1,0.32312,15
0.57468,0,0.64663,0,0.43621,0.42077,1,0.025771,1,0.91412,0.80851,0.0057492,0.23124,15
0.078182,0,0.64663,0,0.64815,0.41234,0.9691,0.072466,1,0.91412,0.80851,0.99377,0.42439,15.1
0.013782,0,0.28152,0,0.31481,0.49454,0.91452,0.25892,0.13043,0.22901,0.89362,1,0.46882,15.2
0.061086,0,0.64663,0,0.6749,0.59283,0.98146,0.11145,1,0.91412,0.80851,0.89508,0.4415,15.2
0.0016246,0,1,0,0.46091,0.36271,0.92482,0.062863,0.13043,1,0.79787,0.99544,0.45061,15.2
0.012591,0,0.70088,1,1,0.27802,0.87642,0.043703,0.17391,0.41221,0.2234,0.86479,0.2867,15.3
0.030658,0,0.70088,0,1,0.39011,0.94748,0.036019,0.17391,0.41221,0.2234,0.8864,0.54415,15.4
0.11195,0,0.64663,0,0.73045,0.56026,1,0.077185,1,0.91412,0.80851,0.97436,0.47241,15.4
0.0083617,0,0.28152,0,0.31481,0.45277,0.93924,0.29736,0.13043,0.22901,0.89362,0.99352,0.40204,15.6
0.045983,0,0.70088,0,1,0.3654,1,0.025662,0.17391,0.41221,0.2234,1,0.68129,15.6
0.024151,0,0.70088,0,1,0.39605,1,0.035192,0.17391,0.41221,0.2234,0.42602,0.4117,15.6
0.039662,0,0.70088,1,1,0.49646,0.8208,0.056007,0.17391,0.41221,0.2234,0.22112,0.36672,15.6
0.0042827,0,0.92339,0,0.40329,0.39318,0.95469,0.057071,0.043478,0.0019084,0.69149,0.90516,0.70447,15.7
0.0018589,0.25,0.17119,0,0.13992,0.46082,0.93203,0.51732,0.30435,0.18511,0.75532,0.95254,0.35072,16
0.029551,0,0.34604,0,0.32716,0.27055,0.35942,0.12638,0.13043,0.22328,0.61702,0.88287,0.30105,16.1
0.072359,0,0.64663,0,0.40947,0.54876,0.74047,0.097373,1,0.91412,0.80851,0.24618,0.28422,16.1
0.057141,0,0.64663,0,0.6749,0.52424,0.91555,0.11263,1,0.91412,0.80851,0.97022,0.42881,16.1
0.0028417,0,0.78556,0,0.49177,0.40851,0.95881,0.059899,0.13043,0.4771,0.91489,0.98792,0.4266,16.2
0.0027789,0,0.34604,0,0.32716,0.41081,0.77034,0.25602,0.13043,0.22328,0.61702,0.99879,0.26959,16.2
0.32201,0,0.64663,0,0.43621,0.30542,1,0.041812,1,0.91412,0.80851,0.53117,0.50635,16.3
0.054016,0,0.64663,0,0.6749,0.60165,0.89701,0.13348,1,0.91412,0.80851,0.64277,0.40535,16.4
0.0023033,0.125,0.27163,0,0.28601,0.39663,1,0.45035,0.17391,0.23664,0.2766,0.9741,0.77815,16.5
0.0074811,0,0.28152,0,0.31481,0.4315,0.9001,0.32304,0.13043,0.22901,0.89362,0.94952,0.36093,16.6
0.0025059,0,0.23644,0,0.12963,0.47308,0.85067,0.41464,0.086957,0.087786,0.56383,0.98951,0.47103,16.6
0.12455,0,0.64663,0,0.68519,0.54608,1,0.066319,1,0.91412,0.80851,0.80294,0.36672,16.7
0.047388,0,0.64663,1,0.79218,0.42958,0.88671,0.070483,1,0.91412,0.80851,0.8894,0.35624,16.8
0.0024509,0,0.33834,0,0.41152,0.4725,0.79094,0.12445,0.21739,0.38931,0.70213,1,0.34768,16.8
0.01582,0,0.70088,1,1,0.49205,0.95881,0.056361,0.17391,0.41221,0.2234,0.80866,0.36948,17
0.0038891,0,0.78556,0,0.49177,0.55432,0.98352,0.065491,0.13043,0.4771,0.91489,0.99289,0.35486,17.1
0.00049354,0.35,0.20528,0,0.10885,0.411,0.26262,0.50115,0,0.22328,0.45745,0.99274,0.29525,17.1
0.10923,0,0.64663,0,0.73045,0.54512,0.97116,0.085069,1,0.91412,0.80851,0.97241,0.49089,17.1
0.083147,0,0.64663,0,0.43621,0.39395,0.97837,0.029563,1,0.91412,0.80851,0.79258,0.68074,17.2
0.15786,0,0.64663,0,0.43621,0.59322,1,0.036183,1,0.91412,0.80851,0.087574,0.5378,17.2
0.0016192,0,0.92339,0,0.40329,0.43974,0.9691,0.074094,0.043478,0.0019084,0.69149,0.93295,0.65342,17.3
0.0014524,0.125,0.20565,0,0.049383,0.38954,0.34912,0.48817,0.13043,0.30153,0.67021,1,0.31347,17.4
0.0035554,0,0.78556,0,0.49177,0.45622,0.93306,0.07614,0.13043,0.4771,0.91489,0.95297,0.4186,17.4
0.0135,0,0.70088,0,0.45267,0.44338,0.94439,0.11788,0.17391,0.41221,0.2234,0.73622,0.35044,17.4
0.0087432,0,0.28152,0,0.31481,0.46541,0.81153,0.28447,0.13043,0.22901,0.89362,0.97441,0.35706,17.5
0.00027886,0,0.14406,0,0.11728,0.47001,0.46962,0.62599,0.086957,0.31489,0.65957,0.97161,0.24283,17.5
0.0019277,0,0.33834,0,0.41152,0.38475,0.72709,0.11551,0.21739,0.38931,0.70213,0.99715,0.36893,17.5
0.0022453,0.22,0.19795,0,0.09465,0.38935,0.75798,0.62066,0.26087,0.2729,0.69149,0.93845,0.29719,17.6
0.041439,0,0.64663,0,0.6749,0.53938,0.88054,0.13072,1,0.91412,0.80851,0.98621,0.35651,17.7
0.0060492,0,0.78556,0,0.49177,0.49626,0.97837,0.049023,0.13043,0.4771,0.91489,1,0.46164,17.8
0.026129,0,0.70088,0,1,0.31136,0.93615,0.036374,0.17391,0.41221,0.2234,0.89936,0.73372,17.8
0.1009,0,0.64663,1,0.79218,0.50795,0.97322,0.090262,1,0.91412,0.80851,0.95166,0.43791,17.8
0.092636,0,0.64663,0,0.6749,0.73424,0.99279,0.12032,1,0.91412,0.80851,0.94697,0.41418,17.8
0.21136,0,0.64663,0,0.43621,0.20445,1,0.038584,1,0.91412,0.80851,0.071789,0.90066,17.9
0.0035867,0,0.78556,0,0.49177,0.54991,0.98764,0.062099,0.13043,0.4771,0.91489,1,0.37693,18
0.0061983,0,0.78556,0,0.49177,0.53152,0.98146,0.089216,0.13043,0.4771,0.91489,0.99438,0.42025,18.1
0.0070995,0,0.28152,0,0.31481,0.48573,0.84037,0.30302,0.13043,0.22901,0.89362,0.95744,0.23538,18.2
0.0080868,0,0.28152,0,0.31481,0.41502,0.68589,0.24251,0.13043,0.22901,0.89362,0.985,0.26352,18.2
0.00041239,0.8,0.053152,0,0.057613,0.40276,0.19567,0.85989,0.13043,0.28053,1,0.96445,0.17439,18.2
0.0018548,0,0.35007,0,0.33333,0.45354,0.87848,0.12126,0.21739,0.46756,0.55319,0.8689,0.38714,18.3
0.0086172,0,0.28152,0,0.31481,0.56218,0.94233,0.30237,0.13043,0.22901,0.89362,0.97741,0.30546,18.4
0.0036361,0,0.78556,0,0.49177,0.43322,0.95263,0.12188,0.13043,0.4771,0.91489,0.9793,0.367,18.4
0.063618,0,0.64663,0,0.73045,0.50929,1,0.079586,1,0.91412,0.80851,0.99695,0.41004,18.4
0.0015285,0,0.35007,0,0.33333,0.516,0.83728,0.10247,0.21739,0.46756,0.55319,0.97942,0.24062,18.5
0.0020795,0.22,0.19795,0,0.09465,0.39165,0.6931,0.62066,0.26087,0.2729,0.69149,0.98041,0.46164,18.5
0.0031202,0,0.25367,0,0.22222,0.41138,0.73532,0.32659,0.17391,0.19084,0.74468,0.98545,0.27621,18.5
0.0025002,0,0.29692,0,0.27778,0.54493,0.84964,0.14414,0.17391,0.37595,0.88298,0.17772,0.24558,18.6
0.00074317,0.6,0.045088,0,0.053498,0.4451,0.16066,0.87122,0.13043,0.42748,0.60638,0.98848,0.16722,18.6
0.0016073,0.25,0.17119,0,0.13992,0.4177,0.65191,0.55432,0.30435,0.18511,0.75532,0.99549,0.31512,18.7
0.0024255,0,0.35007,0,0.33333,0.48496,0.95263,0.12898,0.21739,0.46756,0.55319,1,0.42384,18.7
0.00062032,0,0.17339,0,0.26749,0.4612,0.57261,0.33488,0.17391,0.070611,0.80851,1,0.20861,18.7
0.0013147,0,0.35007,0,0.33333,0.45066,0.92688,0.11129,0.21739,0.46756,0.55319,0.99508,0.39956,18.8
0.001036,0,0.92339,0,0.40329,0.44415,0.95675,0.079722,0.043478,0.0019084,0.69149,0.95582,0.43736,18.8
0.0018402,0.125,0.27163,0,0.28601,0.4681,0.85479,0.49673,0.17391,0.23664,0.2766,0.97431,0.42412,18.9
0.00065022,0,0.20161,0,0.23457,0.45449,0.6725,0.20285,0.17391,0.17557,0.70213,1,0.21937,18.9
8.1825e-005,0.75,0.12977,0,0.05144,0.44587,0.46035,0.56289,0.086957,0.53817,0.90426,1,0.36065,18.9
0.00054681,0,0.17339,0,0.26749,0.46446,0.43769,0.33488,0.17391,0.070611,0.80851,1,0.22103,19
0.042359,0,0.64663,0,0.55556,0.45813,0.84243,0.1584,1,0.91412,0.80851,0.054693,0.4255,19
0.025937,0,0.70088,0,0.45267,0.44434,0.97219,0.1145,0.17391,0.41221,0.2234,0.87702,0.28422,19.1
0.049634,0,0.64663,0,0.40947,0.46791,0.94336,0.12828,1,0.91412,0.80851,0.83456,0.54056,19.1
0.175,0,0.64663,0,0.40123,0.45315,0.70134,0.16175,1,0.91412,0.80851,0.92899,0.45254,19.1
0.063903,0,0.64663,0,0.40741,0.48917,0.79197,0.21973,1,0.91412,0.80851,0.98936,0.36562,19.1
0.0016259,0,0.35007,0,0.33333,0.47135,0.8208,0.14711,0.21739,0.46756,0.55319,0.99397,0.23648,19.2
0.0018557,0,0.23644,0,0.12963,0.4064,0.31823,0.36108,0.086957,0.087786,0.56383,1,0.234,19.3
0.0023074,0,0.29692,0,0.27778,0.49358,0.87024,0.14414,0.17391,0.37595,0.88298,0.99387,0.32312,19.3
0.001556,0,0.35007,0,0.33333,0.41579,0.64161,0.14819,0.21739,0.46756,0.55319,0.98638,0.32781,19.3
0.0041526,0,0.37133,1,0.21399,0.35313,0.8826,0.23056,0.13043,0.17176,0.6383,0.99581,0.61396,19.3
0.0006727,0,0.10191,0,0.15432,0.44204,0.23584,0.37147,0.13043,0.46374,0.45745,0.96354,0.22737,19.3
0.0023991,0,0.23644,0,0.12963,0.39107,0.60865,0.45086,0.086957,0.087786,0.56383,1,0.39928,19.4
0.00042115,0.8,0.10667,0,0.026749,0.42652,0.29042,0.4985,0.13043,0.28626,0.37234,1,0.23482,19.4
0.0028921,0,0.29692,0,0.27778,0.51121,0.90937,0.12872,0.17391,0.37595,0.88298,0.9857,0.38135,19.4
0.024085,0,0.70088,0,1,0.41157,0.98455,0.044885,0.17391,0.41221,0.2234,0.65972,0.38797,19.4
0.0028703,0,0.34604,0,0.32716,0.47174,0.90113,0.15499,0.13043,0.22328,0.61702,0.99849,0.27566,19.4
0.00031853,0.35,0.20528,0,0.10885,0.47327,0.21009,0.50115,0,0.22328,0.45745,0.91263,0.16832,19.4
0.0018532,0,0.29692,0,0.27778,0.43591,0.91658,0.098337,0.17391,0.37595,0.88298,0.9969,0.46716,19.5
0.00031415,0,0.17339,0,0.26749,0.44223,0.44696,0.37297,0.17391,0.070611,0.80851,1,0.22268,19.5
0.074729,0,0.64663,0,0.6749,0.52807,0.82492,0.14593,1,0.91412,0.80851,1,0.3383,19.5
0.0095057,0,0.28152,0,0.31481,0.46062,0.88877,0.26214,0.13043,0.22901,0.89362,0.98898,0.33389,19.6
0.0010898,0.25,0.17119,0,0.13992,0.45334,0.45623,0.52764,0.30435,0.18511,0.75532,1,0.20668,19.6
0.013337,0,0.78556,0,0.49177,0.52979,0.97631,0.10379,0.13043,0.4771,0.91489,1,0.29056,19.6
0.016747,0,0.70088,0,1,0.35313,1,0.042012,0.17391,0.41221,0.2234,0.86056,0.31871,19.6
0.04532,0,0.64663,0,0.30247,0.51121,0.90422,0.17911,1,0.91412,0.80851,0.99604,0.3074,19.6
0.00092627,0.21,0.18988,0,0.11111,0.46024,0.44078,0.51697,0.13043,0.10687,0.44681,0.99662,0.3234,19.7
0.003184,0,0.33834,0,0.41152,0.35045,0.72091,0.15177,0.21739,0.38931,0.70213,1,0.5356,19.7
0.0013679,0,0.29692,0,0.27778,0.55815,0.97013,0.11852,0.17391,0.37595,0.88298,0.99581,0.29084,19.8
0.0026852,0,0.34604,0,0.32716,0.42556,0.70855,0.2639,0.13043,0.22328,0.61702,1,0.39211,19.8
0.0004397,0,0.10191,0,0.15432,0.49492,0.30175,0.43139,0.13043,0.46374,0.45745,0.92856,0.20309,19.8
0.0069807,0,0.28152,0,0.31481,0.43552,0.55201,0.30636,0.13043,0.22901,0.89362,0.99677,0.18598,19.9
0.035487,0,0.64663,0,0.55556,0.42115,0.46653,0.17613,1,0.91412,0.80851,0.8424,0.34216,19.9
0.048808,0,0.64663,0,0.40123,0.49933,0.83522,0.17312,1,0.91412,0.80851,1,0.40177,19.9
0.0010242,0,0.20161,0,0.23457,0.43687,0.60247,0.20445,0.17391,0.17557,0.70213,0.95123,0.26711,20
0.0020461,0,0.23644,0,0.12963,0.42633,0.31308,0.36108,0.086957,0.087786,0.56383,1,0.34272,20
0.0010701,0,0.45345,0,0.107,0.52079,0.73738,0.26577,0.17391,0.40267,0.64894,0.9414,0.28256,20
0.0048262,0,0.37133,1,0.21399,0.34164,1,0.24965,0.13043,0.17176,0.6383,1,0.5894,20
0.076372,0,0.64663,0,0.6749,0.48285,0.83934,0.1444,1,0.91412,0.80851,1,0.35789,20
0.001498,0,0.29692,0,0.27778,0.49933,0.89701,0.11743,0.17391,0.37595,0.88298,0.98938,0.29249,20.1
0.0011217,0.3,0.16386,0,0.088477,0.48553,0.64058,0.47345,0.21739,0.21565,0.42553,0.99425,0.29443,20.1
0.00014983,0.8,0.047654,0,0,0.5114,0.29454,0.7238,0,0.10305,0.59574,0.86056,0.30905,20.1
0.14689,0,0.64663,0,0.40123,0.41234,0.55407,0.15405,1,0.91412,0.80851,1,0.35955,20.1
0.065357,0,0.64663,0,0.6749,0.56563,0.89598,0.15204,1,0.91412,0.80851,0.99223,0.2362,20.2
0.00087164,0,0.45345,0,0.107,0.44319,0.34706,0.30672,0.17391,0.40267,0.64894,0.99788,0.20337,20.3
0.00073429,0,0.92339,0,0.40329,0.4681,0.83625,0.0971,0.043478,0.0019084,0.69149,0.95151,0.34603,20.3
0.0015141,0,0.4934,0,0.107,0.42709,0.56746,0.47199,0.13043,0.19466,0.3617,1,0.38935,20.3
0.0038561,0,0.34604,0,0.32716,0.46197,0.76004,0.17941,0.13043,0.22328,0.61702,0.99834,0.22737,20.3
0.0070073,0,0.28152,0,0.31481,0.45756,0.60659,0.32536,0.13043,0.22901,0.89362,1,0.18019,20.4
0.0014033,0,0.29692,0,0.27778,0.49167,0.84758,0.09028,0.17391,0.37595,0.88298,0.97678,0.34106,20.4
0.0013967,0,0.35007,0,0.33333,0.44281,0.72297,0.12257,0.21739,0.46756,0.55319,0.85307,0.37638,20.4
0.0038757,0,0.25367,0,0.22222,0.47519,0.48404,0.32659,0.17391,0.19084,0.74468,1,0.16474,20.4
0.00041643,0.21,0.18988,0,0.11111,0.48937,0.61895,0.51697,0.13043,0.10687,0.44681,0.99261,0.21247,20.5
0.00097415,0,0.92339,0,0.40329,0.45986,0.92688,0.087052,0.043478,0.0019084,0.69149,0.95257,0.44702,20.5
0.0021384,0.22,0.19795,0,0.09465,0.51063,0.78579,0.6298,0.26087,0.2729,0.69149,0.94765,0.23234,20.5
0.0004116,0.28,0.53446,0,0.16255,0.51504,0.76622,0.22601,0.13043,0.1584,0.59574,1,0.24448,20.6
0.00030055,0,0.17339,0,0.26749,0.47864,0.35427,0.33488,0.17391,0.070611,0.80851,0.99808,0.18709,20.6
0.001127,0.8,0.053152,0,0.057613,0.45507,0.17096,0.85989,0.13043,0.28053,1,0.9474,0.10596,20.6
0.026664,0,0.64663,0,0.40741,0.44261,0.40165,0.23592,1,0.91412,0.80851,0.93401,0.32036,20.6
0.054281,0,0.64663,0,0.40741,0.44913,0.51802,0.18393,1,0.91412,0.80851,0.97811,0.26821,20.6
0.00043779,0,0.42045,0,0.38683,0.49032,0.76004,0.10529,0,0.16412,0.89362,1,0.20281,20.6
0.00034911,0,0.17339,0,0.26749,0.52673,0.36663,0.48457,0.17391,0.070611,0.80851,0.98109,0.13852,20.7
0.041271,0,0.64663,0,0.79218,0.34509,0.96087,0.08857,1,0.91412,0.80851,0.95938,0.23344,20.8
0.13535,0,0.64663,0,0.47119,0.39989,0.8723,0.074712,1,0.91412,0.80851,0.73435,0.34134,20.8
0.0013695,0.125,0.20565,0,0.049383,0.4453,0.30999,0.48817,0.13043,0.30153,0.67021,1,0.19481,20.9
0.00032775,0.8,0.11657,0,0.014403,0.44357,0.16684,0.73573,0,0.24427,0.40426,0.99566,0.20751,20.9
0.011196,0,0.28152,0,0.31481,0.59647,0.86921,0.28275,0.13043,0.22901,0.89362,0.95797,0.28284,21
0.00082972,0,0.20161,0,0.23457,0.43859,0.39753,0.25504,0.17391,0.17557,0.70213,1,0.19426,21
0.0052731,0,0.34604,0,0.32716,0.48898,0.5757,0.26119,0.13043,0.22328,0.61702,0.99831,0.30353,21
0.0032915,0.2,0.23827,0,0.16255,0.43974,0.40371,0.30003,0.086957,0.068702,0.6383,0.9792,0.31098,21.1
0.00037417,0,0.17339,0,0.26749,0.47442,0.32544,0.44155,0.17391,0.070611,0.80851,1,0.17329,21.1
0.00056356,0,0.45345,0,0.107,0.51178,0.52317,0.35324,0.17391,0.40267,0.64894,0.97352,0.29277,21.2
0.0014079,0,0.35007,0,0.33333,0.50105,0.71679,0.14554,0.21739,0.46756,0.55319,0.99092,0.28449,21.2
0.04122,0,0.64663,0,0.40741,0.52711,0.50463,0.26026,1,0.91412,0.80851,0.97912,0.24421,21.2
0.0026166,0,0.33834,0,0.41152,0.47097,0.64264,0.11635,0.21739,0.38931,0.70213,1,0.30877,21.2
0.00099809,0,0.45345,0,0.107,0.52213,0.43357,0.30672,0.17391,0.40267,0.64894,0.96553,0.19895,21.4
0.001222,0,0.089076,0,0.12346,0.49856,0.68692,0.21512,0.043478,0.16985,0.57447,0.98722,0.26518,21.4
0.0018287,0,0.92339,0,0.40329,0.46465,0.88054,0.078504,0.043478,0.0019084,0.69149,0.97004,0.36093,21.4
0.088041,0,0.64663,0,0.55556,0.50738,0.64367,0.16676,1,0.91412,0.80851,1,0.31705,21.4
0.018549,0,0.70088,0,1,0.49071,0.97219,0.044413,0.17391,0.41221,0.2234,0.93923,0.34134,21.5
0.0011731,0,0.4923,1,0.33951,0.45794,0.93615,0.16002,0.17391,0.16985,0.40426,1,0.44674,21.5
0.00023592,0,0.2423,0,0.17284,0.548,0.7827,0.34896,0.043478,0.10496,0.55319,1,0.20447,21.6
0.0029567,0,0.34604,0,0.32716,0.5183,0.82286,0.19398,0.13043,0.22328,0.61702,0.99115,0.17025,21.6
0.00098303,0.125,0.27163,0,0.28601,0.44606,0.37178,0.39296,0.17391,0.23664,0.2766,0.98386,0.38576,21.7
0.0017134,0,0.3794,0,0.057613,0.45986,0.15036,0.37808,0.13043,0.22519,0.70213,0.94967,0.22489,21.7
0.0011421,0,0.29692,0,0.27778,0.50469,0.53038,0.14988,0.17391,0.37595,0.88298,0.9914,0.31098,21.7
0.0018899,0,0.37133,1,0.21399,0.45967,0.91864,0.24984,0.13043,0.17176,0.6383,0.9908,0.42881,21.7
0.0045115,0,0.21041,1,0.25103,0.49875,0.9104,0.17445,0.30435,0.22901,0.51064,0.99581,0.54443,21.7
0.00085051,0,0.4934,0,0.107,0.46906,0.40577,0.39767,0.13043,0.19466,0.3617,1,0.23924,21.7
0.043199,0,0.64663,1,0.79218,0.54302,0.90731,0.12509,1,0.91412,0.80851,0.98598,0.31843,21.7
0.031607,0,0.64663,0,0.30247,0.42173,0.38517,0.26996,1,0.91412,0.80851,0.98996,0.23979,21.8
0.0018769,0,0.33834,0,0.41152,0.41119,0.52626,0.11386,0.21739,0.38931,0.70213,1,0.28366,21.8
0.00047061,0.8,0.11657,0,0.014403,0.48802,0.29969,0.73573,0,0.24427,0.40426,0.98989,0.13355,21.9
0.038979,0,0.64663,1,0.68519,1,0.82389,0.070483,1,0.91412,0.80851,0.89321,0.098234,21.9
0.00057963,0.125,0.20565,0,0.049383,0.44395,0.19053,0.48817,0.13043,0.30153,0.67021,0.99826,0.17577,22
0.00037091,0,0.10814,0,0.21399,0.54493,0.7312,0.17846,0.043478,0.1584,0.55319,0.99155,0.17853,22
0.0007044,0,0.92339,0,0.40329,0.44242,0.68795,0.10258,0.043478,0.0019084,0.69149,0.98046,0.34879,22
0.0012023,0.3,0.16386,0,0.088477,0.6392,0.52935,0.47345,0.21739,0.21565,0.42553,0.98575,0.26628,22
5.2152e-005,0.55,0.065616,0,0.0082305,0.55413,0.29866,0.56177,0,0.21565,0.28723,0.9945,0.17936,22
0.00032651,0.34,0.20638,0,0.098765,0.58038,0.3862,0.39667,0.26087,0.27099,0.37234,0.9971,0.2144,22
0.0011607,0,0.42045,0,0.38683,0.61947,0.8898,0.11451,0,0.16412,0.89362,0.9913,0.13107,22
0.0011684,0.25,0.17119,0,0.13992,0.5547,0.66838,0.55433,0.30435,0.18511,0.75532,1,0.13797,22.2
0.00073272,0,0.14773,0,0.13169,0.49052,0.5551,0.23807,0.086957,0.1145,0.62766,0.99559,0.18515,22.2
0.0010855,0.3,0.16386,0,0.088477,0.53593,0.51493,0.53705,0.21739,0.21565,0.42553,0.9391,0.26187,22.2
0.0026381,0,0.25367,0,0.22222,0.48323,0.42019,0.38977,0.17391,0.19084,0.74468,1,0.30519,22.2
0.00050028,0,0.17339,0,0.26749,0.52788,0.36251,0.48457,0.17391,0.070611,0.80851,0.98187,0.109,22.2
0.027461,0,0.70088,0,0.45267,0.54436,0.95057,0.10302,0.17391,0.41221,0.2234,0.83141,0.26462,22.3
0.00044487,0.525,0.17815,0,0.041152,0.52769,0.43975,0.56267,0.21739,0.20229,0.42553,1,0.16198,22.3
0.0023701,0,0.37133,1,0.21399,0.43035,0.5242,0.22943,0.13043,0.17176,0.6383,0.98497,0.39459,22.4
0.00063291,0,0.42045,0,0.38683,0.58095,0.68177,0.12267,0,0.16412,0.89362,0.98762,0.21909,22.4
0.00051208,0,0.14773,0,0.13169,0.47021,0.4346,0.29987,0.086957,0.1145,0.62766,0.99771,0.30712,22.5
0.0027613,0,0.37133,0,0.21399,0.42575,0.71885,0.29329,0.13043,0.17176,0.6383,0.98116,0.45061,22.5
0.00065573,0.7,0.065249,0,0.030864,0.53344,0.17714,0.6091,0.17391,0.32634,0.23404,0.92773,0.089404,22.5
0.00045544,0,0.10814,0,0.21399,0.54723,0.65088,0.17848,0.043478,0.1584,0.55319,0.9881,0.19536,22.6
0.00087839,0,0.1316,0,0.2572,0.44031,0.67765,0.14298,0.17391,0.20802,0.42553,0.99075,0.21827,22.6
0.00068473,0,0.10191,0,0.15432,0.53114,0.14727,0.37147,0.13043,0.46374,0.45745,0.94531,0.1548,22.6
0.047825,0,0.64663,0,0.79218,0.48879,0.80742,0.12544,1,0.91412,0.80851,0.98447,0.30188,22.6
0.025133,0,0.70088,0,0.45267,0.43936,0.91555,0.11752,0.17391,0.41221,0.2234,0.99549,0.27345,22.7
0.058396,0,0.64663,1,0.79218,0.49167,0.82904,0.14487,1,0.91412,0.80851,0.99629,0.26904,22.7
0.0010624,0,0.35007,0,0.33333,0.60433,0.8105,0.14076,0.21739,0.46756,0.55319,0.9967,0.23262,22.8
0.0084894,0.2,0.12867,0,0.53909,0.38302,0.61689,0.077922,0.17391,0.14695,0.042553,0.98865,0.24062,22.8
0.0054699,0,0.34604,0,0.32716,0.589,0.81977,0.19896,0.13043,0.22328,0.61702,1,0.077539,22.8
0.00092132,0.125,0.27163,0,0.28601,0.46963,0.65602,0.40292,0.17391,0.23664,0.2766,0.99672,0.29525,22.9
0.00032809,0.25,0.16129,0,0.084362,0.49933,0.45108,0.38839,0.13043,0.17939,0.68085,0.98422,0.15949,22.9
0.00040137,0.28,0.53446,0,0.16255,0.55202,0.52214,0.23064,0.13043,0.1584,0.59574,0.99523,0.17743,22.9
0.00062707,0.4,0.028959,0,0.090535,0.56122,0.42739,0.69679,0,0.28244,0.75532,1,0.11727,22.9
0.006561,0,0.78556,0,0.49177,0.53861,0.97837,0.10892,0.13043,0.4771,0.91489,0.97191,0.25911,23
0.0033399,0,0.25367,0,0.22222,0.52711,0.26777,0.38977,0.17391,0.19084,0.74468,1,0.12196,23
0.065389,0,0.64663,0,0.30247,0.5137,0.63646,0.20866,1,0.91412,0.80851,1,0.24862,23
0.011775,0,0.28152,0,0.31481,0.45488,0.27188,0.30636,0.13043,0.22901,0.89362,0.97466,0.13383,23.1
0.0014929,0,0.1316,0,0.2572,0.38532,0.88157,0.13336,0.17391,0.20802,0.42553,1,0.35762,23.1
0.0044476,0,0.34604,0,0.32716,0.54053,0.6622,0.21851,0.13043,0.22328,0.61702,0.99574,0.23813,23.1
0.00197,0,0.25367,0,0.22222,0.53938,0.52935,0.31016,0.17391,0.19084,0.74468,1,0.14183,23.1
0.00013915,0.85,0.13526,0,0.090535,0.5662,0.25541,0.67344,0.13043,0.31298,0.56383,0.98873,0.12776,23.1
0.15192,0,0.64663,0,0.50617,0.057865,1,0.034646,1,0.91412,0.80851,0.33058,0.32009,23.1
0.0019408,0,0.33834,0,0.41152,0.4041,0.26674,0.15177,0.21739,0.38931,0.70213,0.9909,0.43791,23.1
0.00071822,0,0.1316,0,0.2572,0.47116,0.45623,0.22054,0.17391,0.20802,0.42553,0.99075,0.23124,23.2
0.00036406,0.525,0.17815,0,0.041152,0.50738,0.29248,0.56267,0.21739,0.20229,0.42553,1,0.14928,23.2
0.059422,0,0.64663,0,0.64815,0.4771,0.81977,0.094408,1,0.91412,0.80851,0.9533,0.46992,23.2
0.04004,0,0.64663,0,0.40123,0.55106,0.74253,0.16067,1,0.91412,0.80851,0.9911,0.34851,23.2
0.0016649,0.25,0.17119,0,0.13992,0.49511,0.27085,0.60792,0.30435,0.18511,0.75532,0.98432,0.14156,23.3
0.015946,0,0.70088,0,1,0.56505,1,0.057862,0.17391,0.41221,0.2234,0.91782,0.15618,23.3
0.00096887,0.3,0.16386,0,0.088477,0.58345,0.40474,0.46016,0.21739,0.21565,0.42553,0.96692,0.15563,23.3
0.00048882,0.21,0.18988,0,0.11111,0.46695,0.19053,0.51697,0.13043,0.10687,0.44681,1,0.18488,23.4
0.0021251,0,0.3794,0,0.057613,0.51427,0.033986,0.37808,0.13043,0.22519,0.70213,0.95025,0.16032,23.4
0.0003318,0.8,0.10667,0,0.026749,0.5229,0.15345,0.4985,0.13043,0.28626,0.37234,1,0.081126,23.5
0.00056514,0,0.10814,0,0.21399,0.66028,0.85891,0.20843,0.043478,0.1584,0.55319,1,0.10403,23.6
0.0031834,0,0.37133,0,0.21399,0.35467,0.071061,0.22351,0.13043,0.17176,0.6383,0.87904,0.76766,23.7
0.00085557,0.3,0.16386,0,0.088477,0.55949,0.16066,0.46016,0.21739,0.21565,0.42553,0.9559,0.12776,23.7
0.0013628,0.3,0.16386,0,0.088477,0.54263,0.050463,0.53705,0.21739,0.21565,0.42553,0.94405,0.095475,23.7
0.064088,0,0.64663,0,0.30247,0.61104,0.7415,0.20025,1,0.91412,0.80851,0.99034,0.16584,23.7
0.020164,0,0.70088,0,0.45267,0.44376,0.78579,0.11788,0.17391,0.41221,0.2234,0.57313,0.28725,23.8
0.025785,0,0.70088,0,0.45267,0.52845,0.95984,0.088243,0.17391,0.41221,0.2234,0.74832,0.25855,23.8
0.0040787,0,0.34604,0,0.32716,0.57597,0.86921,0.22485,0.13043,0.22328,0.61702,0.99695,0.20833,23.8
0.0018127,0,0.25367,0,0.22222,0.54896,0.50875,0.31016,0.17391,0.19084,0.74468,1,0.15094,23.8
0.00043048,0.25,0.16129,0,0.084362,0.58594,0.69516,0.38839,0.13043,0.17939,0.68085,0.9968,0.15149,23.9
0.00085793,0,0.4934,0,0.107,0.49167,0.15963,0.39767,0.13043,0.19466,0.3617,1,0.18902,23.9
0.00021479,0.55,0.1217,0,0.2037,0.60069,0.55098,0.41853,0.17391,0.34924,0.53191,1,0.15039,23.9
0.00061189,0,0.42045,0,0.38683,0.65434,0.90731,0.094381,0,0.16412,0.89362,1,0.10789,23.9
0,0.18,0.067815,0,0.31481,0.57751,0.64161,0.2692,0,0.20802,0.28723,1,0.08968,24
0.0036431,0,0.21041,0,0.25103,0.48381,0.6035,0.22936,0.30435,0.22901,0.51064,0.94919,0.25248,24
0.00081646,0,0.45345,0,0.107,0.51964,0.031926,0.28389,0.17391,0.40267,0.64894,0.99501,0.13935,24.1
0.00031617,0.825,0.057551,0,0.061728,0.49837,0.3656,0.46744,0.043478,0.30725,0.2234,0.99211,0.15728,24.1
0.00082253,0.6,0.045088,0,0.053498,0.57827,0.33986,0.87122,0.13043,0.42748,0.60638,0.93414,0.10375,24.1
0.00092099,0,0.3794,0,0.057613,0.54723,0.038105,0.37808,0.13043,0.22519,0.70213,0.96679,0.13769,24.2
0.015022,0,0.70088,0,0.45267,0.47998,1,0.05708,0.17391,0.41221,0.2234,0.89155,0.12969,24.3
0.0059647,0,0.21041,0,0.24486,0.46369,0.67147,0.23115,0.30435,0.22901,0.51064,0.95323,0.27373,24.3
0.0037486,0.22,0.19795,0,0.09465,0.48802,0.32956,0.6298,0.26087,0.2729,0.69149,0.98306,0.20502,24.3
0.0025106,0,0.37133,0,0.21399,0.52979,0.51081,0.29329,0.13043,0.17176,0.6383,0.99488,0.25497,24.4
0.0015059,0.22,0.19795,0,0.09465,0.56064,0.10402,0.5699,0.26087,0.2729,0.69149,0.99844,0.11507,24.4
0.001217,0.2,0.23827,0,0.16255,0.57042,0.57467,0.25352,0.086957,0.068702,0.6383,0.99511,0.16556,24.4
0.0017767,0.22,0.19795,0,0.09465,0.5503,0.4758,0.60898,0.26087,0.2729,0.69149,0.94405,0.21496,24.5
0.0030713,0,0.33834,0,0.41152,0.45315,0.40886,0.11386,0.21739,0.38931,0.70213,1,0.32726,24.5
0.00053872,0,0.1316,0,0.2572,0.52769,0.72606,0.19896,0.17391,0.20802,0.42553,0.99672,0.12583,24.6
0.0020854,0,0.25367,0,0.22222,0.54991,0.12152,0.38977,0.17391,0.19084,0.74468,0.99188,0.092439,24.6
0.0018965,0,0.20161,0,0.23457,0.46082,0.28115,0.24713,0.17391,0.17557,0.70213,0.99125,0.23179,24.7
0.0017201,0,0.23644,0,0.12963,0.50776,0.037075,0.41751,0.086957,0.087786,0.56383,0.99385,0.15756,24.7
0.00015994,0.85,0.010264,0,0.05144,0.54072,0.3378,0.73275,0.043478,0.24046,0.5,1,0.11148,24.7
0.00034023,0.25,0.16129,0,0.084362,0.5252,0.30175,0.38839,0.13043,0.17939,0.68085,1,0.13769,24.8
0.00041194,0.525,0.17815,0,0.041152,0.57559,0.20597,0.56267,0.21739,0.20229,0.42553,0.93651,0.21468,24.8
0.00042542,0.7,0.065249,0,0.030864,0.63422,0.45829,0.6091,0.17391,0.32634,0.23404,0.98477,0.11976,24.8
0.00053142,0.21,0.18988,0,0.11111,0.56524,0.18744,0.51697,0.13043,0.10687,0.44681,1,0.097958,25
0.0013508,0.25,0.17119,0,0.13992,0.61334,0.4171,0.62302,0.30435,0.18511,0.75532,0.99667,0.2144,25
0.00025211,0.28,0.53446,0,0.16255,0.50776,0.26777,0.23064,0.13043,0.1584,0.59574,0.99856,0.12362,25
0.032794,0,0.70088,0,0.45267,0.48668,0.92791,0.10492,0.17391,0.41221,0.2234,0.60477,0.22296,25
0.0021547,0,0.37133,0,0.21399,0.5022,0.4068,0.25605,0.13043,0.17176,0.6383,0.99175,0.21358,25
0.0037627,0,0.25367,0,0.22222,0.54685,0.38311,0.32659,0.17391,0.19084,0.74468,1,0.12114,25
0.050979,0,0.64663,0,0.79218,0.54359,0.87642,0.12627,1,0.91412,0.80851,0.94367,0.16722,25
0.064346,0,0.64663,0,0.30247,0.67063,0.76313,0.20742,1,0.91412,0.80851,0.99592,0.1457,25
0.0057802,0,0.21041,1,0.25103,0.58824,0.75798,0.27448,0.30435,0.22901,0.51064,0.97869,0.21551,25.1
0.001751,0.2,0.23827,0,0.16255,0.51332,0.138,0.30003,0.086957,0.068702,0.6383,1,0.13411,25.2
0.0015194,0,0.23644,0,0.12963,0.49971,0.038105,0.41751,0.086957,0.087786,0.56383,0.96588,0.11258,25.3
0.00086276,0,0.073314,0,0.21193,0.39145,0.89495,0.16898,0.086957,0.01145,0.55319,0.98512,0.33802,26.4
0.00097044,0.34,0.20638,0,0.098765,0.56218,0.15963,0.39667,0.26087,0.27099,0.37234,0.96649,0.1915,26.4
0.0012139,0,0.29692,0,0.27778,0.61698,0.70443,0.157,0.17391,0.37595,0.88298,0.99667,0.16391,26.5
0.0013614,0,0.23644,0,0.12963,0.61487,0,0.41751,0.086957,0.087786,0.56383,0.97103,0.085817,26.6
0.00025481,0.4,0.028959,0,0.090535,0.64725,0.32544,0.69679,0,0.28244,0.75532,0.98222,0.11479,26.6
0.0039538,0,0.21041,1,0.25103,0.64955,0.88157,0.15751,0.30435,0.22901,0.51064,0.98689,0.2202,26.7
0.014242,0,0.70088,1,0.45267,0.51523,0.92379,0.060817,0.17391,0.41221,0.2234,0.8538,0.10403,27
0.0015537,0.125,0.27163,0,0.28601,0.50029,0.95984,0.43839,0.17391,0.23664,0.2766,1,0.48068,27.1
0.00053276,0,0.4934,0,0.107,0.57252,0.49537,0.43929,0.13043,0.19466,0.3617,0.98979,0.15618,27.1
0.0015999,0,0.29692,0,0.27778,0.60663,0.793,0.14988,0.17391,0.37595,0.88298,0.9946,0.2122,27.5
0.0069376,0,0.21041,1,0.25103,0.63575,0.77034,0.19483,0.30435,0.22901,0.51064,0.98358,0.22627,27.5
0.051136,0,0.64663,0,0.68519,0,0.87539,0.043976,1,0.91412,0.80851,0.89359,0.14873,27.5
0.16221,0,0.64663,0,0.43621,0.63058,1,0.030545,1,0.91412,0.80851,0.45146,0.49807,27.5
0.00033528,0.8,0.16459,0,0.053498,0.58804,0.21112,0.36257,0.13043,0.11069,0.70213,1,0.081954,27.9
0.13426,0,0.64663,0,0.56379,0.39222,1,0.014149,1,0.91412,0.80851,0.83658,0.28698,27.9
0.00039126,0.25,0.16129,0,0.084362,0.60663,0.31514,0.38839,0.13043,0.17939,0.68085,1,0.098234,28
0.0015084,0,0.37133,0,0.21399,0.53918,0.30278,0.25605,0.13043,0.17176,0.6383,0.97204,0.21109,28.1
0.00048331,0.33,0.06305,0,0.17901,0.63001,0.69413,0.1867,0.26087,0.066794,0.61702,1,0.16004,28.2
0.0013007,0,0.089076,0,0.12346,0.58709,0.5654,0.21512,0.043478,0.16985,0.57447,0.90186,0.13576,28.4
0.00054479,0.33,0.06305,0,0.17901,0.58536,0.56849,0.20373,0.26087,0.066794,0.61702,0.99107,0.19868,28.4
0.00032258,0.8,0.16459,0,0.053498,0.63231,0.25747,0.36257,0.13043,0.11069,0.70213,1,0.04415,28.5
0.00026447,0,0.06305,0,0.15021,0.54972,0.57467,0.44854,0.086957,0.066794,0.64894,0.99299,0.096026,28.7
0.0005249,0,0.10814,0,0.21399,0.67408,0.61998,0.20778,0.043478,0.1584,0.55319,0.99788,0.10955,28.7
0.00071721,0,0.4923,0,0.33951,0.59034,0.84655,0.20838,0.17391,0.16985,0.40426,0.98961,0.21965,28.7
0.00055401,0.7,0.065249,0,0.030864,0.66679,0.07312,0.6091,0.17391,0.32634,0.23404,0.93615,0.083057,29
9.0705e-005,0.6,0.090543,0,0.032922,0.58306,0.16375,0.46286,0,0.14885,0.31915,0.94906,0.073124,29.1
0.00082567,0.4,0.21811,0,0.12757,0.55969,0.30072,0.27378,0.13043,0.12786,0.53191,1,0.15066,29.1
0.00067798,0,0.1316,0,0.2572,0.57195,0.31102,0.18211,0.17391,0.20802,0.42553,0.98502,0.099338,29.4
0.00060863,0,0.073314,0,0.21193,0.49665,0.67868,0.19552,0.086957,0.01145,0.55319,0.97531,0.31512,29.6
0.00085299,0.22,0.19795,0,0.09465,0.6507,0.040165,0.70721,0.26087,0.2729,0.69149,0.97274,0.049669,29.6
0.0013428,0.45,0.10924,0,0.107,0.57386,0.26982,0.31255,0.17391,0.40267,0.2766,0.96455,0.078091,29.8
0.052159,0,0.64663,0,0.47119,0.65511,0.66632,0.12761,1,0.91412,0.80851,0.94397,0.27401,29.8
0.00067551,0,0.1316,0,0.2572,0.63211,0.73635,0.16238,0.17391,0.20802,0.42553,0.9858,0.14321,29.9
0.006838,0,0.21041,0,0.25103,0.58574,0.80227,0.19483,0.30435,0.22901,0.51064,1,0.16198,30.1
0.0073096,0.2,0.12867,0,0.53909,0.62866,1,0.080123,0.17391,0.14695,0.042553,0.98747,0.14266,30.1
0.00012105,0.9,0.057185,0,0.05144,0.60682,0.34192,1,0.17391,0,0.46809,0.96863,0.076435,30.1
0.00045341,0.8,0.038856,0,0.039095,0.67944,0.34706,0.56192,0.043478,0.27099,0,0.89261,0.18985,30.3
0.00070574,0.45,0.10924,0,0.107,0.60893,0.28733,0.48652,0.17391,0.40267,0.2766,0.98187,0.081678,30.5
0.00876,0.2,0.12867,0,0.53909,0.66162,0.8414,0.091235,0.17391,0.14695,0.042553,0.96765,0.36038,30.7
0.0092047,0.2,0.12867,0,0.53909,0.72159,0.94336,0.086315,0.17391,0.14695,0.042553,0.99122,0.26269,31
0.00017478,0.6,0.090543,0,0.032922,0.62062,0.072091,0.46286,0,0.14885,0.31915,0.9911,0.09106,31.1
0.00027166,0.55,0.1217,0,0.2037,0.6348,0.25953,0.48521,0.17391,0.34924,0.53191,0.97748,0.07947,31.2
0.0048945,0,0.21041,0,0.24486,0.5731,0.19053,0.20419,0.30435,0.22901,0.51064,0.95824,0.056015,31.5
0.0056818,0,0.21041,0,0.25103,0.72753,0.70752,0.27448,0.30435,0.22901,0.51064,0.98278,0.082781,31.5
8.9918e-005,1,0.031525,0,0.053498,0.62368,0.38723,0.65429,0.17391,0.13168,0.26596,0.98991,0.061258,31.6
0.004564,0,0.21041,0,0.24486,0.69017,0.793,0.1897,0.30435,0.22901,0.51064,0.93741,0.12776,31.6
0.0008141,0.45,0.10924,0,0.107,0.61717,0.39341,0.2418,0.17391,0.40267,0.2766,0.99236,0.13659,32
0.0010084,0.4,0.21811,0,0.12757,0.63096,0.41092,0.28533,0.13043,0.12786,0.53191,1,0.034492,32
3.0797e-005,0.9,0.092009,0,0.030864,0.6758,0.18435,0.56177,0,0.18702,0.28723,0.9945,0.16887,32.2
0.00056334,0.4,0.21811,1,0.12757,0.61257,0.30896,0.26808,0.13043,0.12786,0.53191,1,0.049669,32.4
0.0010538,0,0.073314,0,0.21193,0.57521,0.95469,0.15617,0.086957,0.01145,0.55319,1,0.109,32.5
7.5194e-005,0.35,0.038856,0,0.11728,0.70512,0.47786,0.53727,0,0.18511,0.30851,0.99455,0.10375,32.7
0.00012881,0.95,0.037023,0,0.037037,0.68481,0.11329,0.59324,0.086957,0.41031,0.46809,0.96823,0.075055,32.9
0.00014825,0.175,0.033724,0,0.063992,0.67887,0.5829,0.73596,0.086957,0.055344,0.6383,0.99077,0.17439,33
0.00061762,0.4,0.21811,1,0.12757,0.6256,0.25438,0.33948,0.13043,0.12786,0.53191,0.9913,0.067053,33.1
0.0010529,0.34,0.20638,0,0.098765,0.65549,0.15242,0.39667,0.26087,0.27099,0.37234,0.98369,0.086369,33.1
0.0011057,0.4,0.21811,1,0.12757,0.7101,0.47477,0.3326,0.13043,0.12786,0.53191,0.98071,0.11921,33.2
0.00037979,0.8,0.038856,0,0.039095,0.71393,0.32132,0.56192,0.043478,0.27099,0,1,0.064845,33.3
0.00077228,0.33,0.06305,0,0.17901,0.73941,0.71061,0.17911,0.26087,0.066794,0.61702,1,0.13079,33.4
0.0059997,0.2,0.12867,0,0.53909,0.69783,0.81256,0.089343,0.17391,0.14695,0.042553,0.98966,0.21689,33.8
0.00035248,0.8,0.038856,0,0.039095,0.71144,0.36457,0.56192,0.043478,0.27099,0,0.98815,0.13493,34.6
0.0002357,0,0.2423,0,0.17284,0.69439,0.59938,0.34896,0.043478,0.10496,0.55319,0.98974,0.063466,34.7
0.00030651,0.75,0.091276,0,0.088477,0.66354,0.13285,0.38843,0.086957,0.12405,0.60638,0.99677,0.0068985,34.9
0.00086973,0.45,0.10924,0,0.107,0.69439,0.37075,0.31255,0.17391,0.40267,0.2766,1,0.10099,34.9
0.00028302,0.95,0.037023,0,0.037037,0.65415,0.1277,0.59324,0.086957,0.41031,0.46809,1,0.078091,34.9
0.0022936,0.2,0.10521,0,0.11914,0.62292,0.30175,0.27018,0.17391,0.055344,0.24468,1,0.086093,35.1
0.0024228,0.2,0.23827,1,0.16255,0.79134,0.5036,0.29435,0.086957,0.068702,0.6383,0.98454,0.13383,35.2
7.6318e-005,0.9,0.027859,0,0.037037,0.70665,0.19567,0.6881,0.17391,0.074427,0.56383,0.99755,0.084989,35.4
0.0003454,0.2,0.10521,0,0.11914,0.65281,0.35324,0.37421,0.17391,0.055344,0.24468,0.98822,0.078918,35.4
0.0073867,0.2,0.12867,0,0.53909,0.72274,1,0.069565,0.17391,0.14695,0.042553,0.96568,0.16722,36
0.00054884,0.33,0.06305,0,0.17901,0.70416,0.39341,0.26302,0.26087,0.066794,0.61702,0.99188,0.14349,36.1
0.00070507,0,0.06305,0,0.15021,0.6871,0.52832,0.44854,0.086957,0.066794,0.64894,1,0.099338,36.2
0.00070316,0,0.073314,0,0.21193,0.49492,0.61071,0.13352,0.086957,0.01145,0.55319,1,0.21302,36.2
0.00090278,0.45,0.10924,0,0.107,0.69304,0.24099,0.48652,0.17391,0.40267,0.2766,0.98384,0.031457,36.4
0.0061116,0.2,0.12867,0,0.53909,0.69841,0.91349,0.072793,0.17391,0.14695,0.042553,0.97728,0.17577,36.5
0.00094819,0.45,0.10924,0,0.107,0.64955,0.19156,0.48652,0.17391,0.40267,0.2766,0.95154,0.092991,37
0.00081533,0.8,0.16459,0,0.053498,0.6873,0.25541,0.36257,0.13043,0.11069,0.70213,1,0.050497,37.3
0.0042241,0,0.21041,0,0.24486,0.85821,0.86097,0.1897,0.30435,0.22901,0.51064,0.97599,0.038631,37.6
0.00095212,0,0.073314,0,0.21193,0.68864,0.91967,0.14286,0.086957,0.01145,0.55319,0.99299,0.085265,37.9
0.0012871,0,0.089076,0,0.12346,0.86377,0.75283,0.21512,0.043478,0.16985,0.57447,1,0.068433,38.7
0.00066944,0,0.073314,0,0.21193,0.80552,0.82801,0.14653,0.086957,0.01145,0.55319,0.99662,0.16087,39.8
0.013682,0,0.70088,0,0.45267,0.64802,0.97322,0.067992,0.17391,0.41221,0.2234,0.9156,0.078918,41.3
0.0063951,0,0.21041,0,0.25103,0.91512,0.72503,0.24632,0.30435,0.22901,0.51064,0.97229,0.020419,41.7
0.00017365,0.825,0.057551,0,0.061728,0.77582,0.13182,0.46744,0.043478,0.30725,0.2234,0.99617,0.038079,42.3
0.0040758,0.22,0.19795,0,0.09465,0.90017,0.056643,0.70721,0.26087,0.2729,0.69149,1,0.049945,42.8
0.0060041,0.2,0.12867,0,0.39095,0.74899,0.51184,0.15844,0.17391,0.14695,0.042553,0.98336,0.039459,43.5
0.00084916,0,0.089076,0,0.12346,0.81606,0.35015,0.21512,0.043478,0.16985,0.57447,0.9915,0.050773,43.8
0.00010183,0.9,0.1206,0,0.018519,0.74593,0.32235,0.47345,0.086957,0.10878,0.35106,0.97337,0.038079,44
0.0034732,0,0.21041,0,0.24486,0.90151,0.77652,0.16048,0.30435,0.22901,0.51064,0.97012,0.066501,44.8
0.00033112,0.2,0.10521,0,0.11914,0.81606,0.6344,0.32419,0.17391,0.055344,0.24468,0.97582,0.056015,45.4
0.00061785,0.2,0.10521,1,0.11914,0.78253,0.48198,0.37122,0.17391,0.055344,0.24468,0.95,0.03532,46
0.0032805,0,0.21041,0,0.24486,0.79038,0.14521,0.20419,0.30435,0.22901,0.51064,0.95111,0.06043,46.7
0.0036546,0,0.21041,0,0.25103,0.89787,0.69516,0.22936,0.30435,0.22901,0.51064,0.95474,0.061258,48.3
0.0057752,0.2,0.12867,0,0.53909,0.92681,0.91246,0.10538,0.17391,0.14695,0.042553,0.97468,0.11534,48.8
0.016377,0,0.70088,0,0.45267,0.75263,0.90525,0.076503,0.17391,0.41221,0.2234,0.94334,0,50
0.02054,0,0.70088,1,0.45267,0.81261,0.98146,0.082851,0.17391,0.41221,0.2234,0.98162,0.0052428,50
0.017002,0,0.70088,1,0.45267,0.9224,0.93718,0.093881,0.17391,0.41221,0.2234,0.97869,0.043874,50
0.022523,0,0.70088,0,0.45267,0.83694,0.96087,0.083323,0.17391,0.41221,0.2234,0.9304,0.05436,50
0.00055862,0,0.073314,0,0.21193,0.81816,0.52214,0.1882,0.086957,0.01145,0.55319,0.98923,0.075055,50
8.4186e-005,0.8,0,0,0.076132,0.8266,0.29969,0.41092,0.13043,0.12977,0.19149,0.99327,0.034216,50
0.00015477,0.95,0.081378,0,0.063992,0.85706,0.29866,0.36268,0.13043,0.070611,0.2234,0.98399,0.031733,50
0.0058515,0,0.21041,0,0.24486,0.98946,0.82492,0.16048,0.30435,0.22901,0.51064,0.96243,0.080022,50
0.0068025,0.2,0.12867,0,0.53909,0.98544,0.86509,0.061054,0.17391,0.14695,0.042553,0.98184,0.093543,50
0.0064294,0.2,0.12867,0,0.39095,0.90745,0.66014,0.11749,0.17391,0.14695,0.042553,0.96883,0.15756,50
0.054984,0,0.64663,0,0.50617,0.26998,1,0.018451,1,0.91412,0.80851,0.94609,0.042219,50
0.063658,0,0.64663,1,0.50617,0.5982,0.96704,0.020651,1,0.91412,0.80851,0.94561,0.055188,50
0.073423,0,0.64663,1,0.50617,0.662,0.97425,0.00662,1,0.91412,0.80851,0.98777,0.03394,50
0.1037,0,0.64663,0,0.50617,0.50872,1,0.0035919,1,0.91412,0.80851,0.92246,0.21523,50
0.092851,0,0.64663,1,0.5823,0.44338,0.89289,0,1,0.91412,0.80851,0.87639,0.1973,50
0.15994,0,0.64663,0,0.63374,0.53305,1,0.04042,1,0.91412,0.80851,1,0.51297,7.2
0.1327,0,0.64663,0,0.68519,0.62522,0.75798,0.060417,1,0.91412,0.80851,0.12136,0.57975,8.4
0.13006,0,0.64663,0,0.64815,0.28262,0.9691,0.058235,1,0.91412,0.80851,1,0.66087,9.7
0.24778,0,0.64663,0,0.73045,0.43246,0.92173,0.066983,1,0.91412,0.80851,0.98626,0.56236,10.5
0.23277,0,0.64663,0,0.56379,0.11056,1,0.0044103,1,0.91412,0.80851,0.93272,0.5963,11.9
0.027429,0,0.70088,0,1,0.32784,0.93821,0.055179,0.17391,0.41221,0.2234,0.22268,0.39763,13.1
0.013999,0,0.28152,0,0.31481,0.38494,0.98043,0.24264,0.13043,0.22901,0.89362,0.94874,0.53228,13.6
0.20784,0,0.64663,0,0.5823,0.11056,1,0.00067292,1,0.91412,0.80851,1,1,13.8
0.018234,0,0.78556,0,0.49177,0.27936,1,0.028172,0.13043,0.4771,0.91489,1,0.90177,14.4
0.070605,0,0.64663,0,0.73045,0.53267,0.96292,0.085697,1,0.91412,0.80851,0.80107,0.44316,14.9
0.010901,0,0.78556,0,0.49177,0.42077,0.98352,0.11061,0.13043,0.4771,0.91489,0.66176,0.42991,15.6
0.00020973,0,0.052419,0,0.27366,0.5708,0.58496,0.46716,0,0.44847,0.35106,0.9825,0.19095,16.5
0.054682,0,0.64663,0,0.47119,0.56007,0.93409,0.10691,1,0.91412,0.80851,0.99826,0.46772,16.7
0.00062156,0,0.14406,0,0.11728,0.44779,0.50875,0.62599,0.086957,0.31489,0.65957,0.91858,0.30188,17.2
0.0035062,0,0.34604,0,0.32716,0.45085,0.82698,0.26089,0.13043,0.22328,0.61702,0.98437,0.45806,17.8
0.0029455,0,0.33834,0,0.41152,0.42786,0.69722,0.16033,0.21739,0.38931,0.70213,1,0.34134,18.3
0.00027077,0,0.17339,0,0.26749,0.44721,0.58393,0.40788,0.17391,0.070611,0.80851,0.99473,0.24365,18.5
0.0012493,0.125,0.27163,0,0.28601,0.46906,0.82389,0.4635,0.17391,0.23664,0.2766,1,0.31843,18.9
0.0037512,0,0.78556,0,0.49177,0.55509,0.98867,0.089925,0.13043,0.4771,0.91489,0.99531,0.29994,19.2
0.0014196,0,0.29692,0,0.27778,0.43878,0.96601,0.08887,0.17391,0.37595,0.88298,0.99281,0.40673,19.5
0.043054,0,0.64663,0,0.79218,0.51542,0.90834,0.10602,1,0.91412,0.80851,0.88338,0.34382,19.9
0.0011802,0,1,0,0.46091,0.46407,0.83007,0.089143,0.13043,1,0.79787,1,0.32064,20.1
0.0089512,0,0.28152,0,0.31481,0.3631,0.34706,0.24251,0.13043,0.22901,0.89362,0.7279,0.27483,20.2
0.00094785,0.2,0.23827,1,0.16255,0.452,0.6035,0.25352,0.086957,0.068702,0.6383,0.98598,0.32892,20.7
0.00090761,0,0.45345,0,0.107,0.49416,0.44181,0.26925,0.17391,0.40267,0.64894,0.97494,0.23565,20.8
0.001308,0,0.23644,0,0.12963,0.48055,0.38208,0.41751,0.086957,0.087786,0.56383,0.98106,0.21578,21.2
0.16104,0,0.64663,0,0.47119,0.51121,0.87642,0.074712,1,0.91412,0.80851,0.96576,0.31402,21.4
0.041482,0,0.64663,0,0.68519,0.26863,0.91143,0.056625,1,0.91412,0.80851,0.79608,0.33858,21.9
0.008813,0,0.34604,0,0.32716,0.49071,0.5139,0.13738,0.13043,0.22328,0.61702,1,0.11727,22.1
0.0014623,0,0.37133,0,0.21399,0.44645,0.19979,0.25605,0.13043,0.17176,0.6383,1,0.25221,22.6
0.00095898,0,0.3794,0,0.057613,0.47979,0.050463,0.37808,0.13043,0.22519,0.70213,0.9849,0.10458,22.8
0.0012131,0,0.4923,1,0.33951,0.5388,0.92173,0.20312,0.17391,0.16985,0.40426,0.99203,0.242,23
0.0004415,0,0.4923,1,0.33951,0.44587,0.54686,0.18028,0.17391,0.16985,0.40426,0.98966,0.32506,23.3
0.00096055,0,0.1316,0,0.2572,0.54704,0.83625,0.13792,0.17391,0.20802,0.42553,0.99647,0.20171,23.6
0.00049758,0,0.14773,0,0.13169,0.54187,0.46447,0.33189,0.086957,0.1145,0.62766,1,0.21772,23.9
0.0014561,0,0.37133,1,0.21399,0.47959,0.57878,0.28277,0.13043,0.17176,0.6383,0.96071,0.35679,24.4
9.7674e-005,0.8,0.056818,0,0.10288,0.589,0.276,0.65604,0.13043,0.17748,0.46809,0.98497,0.11755,24.5
0.0023353,0.22,0.19795,0,0.09465,0.55126,0.061792,0.5699,0.26087,0.2729,0.69149,0.95,0.051325,24.8
0.0020727,0.22,0.19795,0,0.09465,0.60491,0.15036,0.60898,0.26087,0.2729,0.69149,0.99203,0.13328,26.2
0.00057356,0,0.14773,0,0.13169,0.58804,0.54789,0.30082,0.086957,0.1145,0.62766,0.9884,0.13245,26.6
0.0013825,0,0.4934,0,0.107,0.59724,0.29042,0.43929,0.13043,0.19466,0.3617,1,0.12528,28.6
0.0049634,0,0.21041,1,0.25103,0.60644,0.65499,0.22936,0.30435,0.22901,0.51064,0.90746,0.17439,29
0.00023952,0.75,0.091276,0,0.088477,0.58134,0.19464,0.38843,0.086957,0.12405,0.60638,0.9968,0.071468,30.8
0.0051325,0,0.21041,0,0.24486,0.73788,0.7621,0.23115,0.30435,0.22901,0.51064,0.94765,0.09713,31.7
0.00070001,0,0.089076,0,0.12346,0.73865,0.6138,0.21512,0.043478,0.16985,0.57447,1,0.12307,33.2
0.0002928,0,0.06305,0,0.15021,0.65856,0.44181,0.44854,0.086957,0.066794,0.64894,0.99428,0.033389,33.4
0.00057862,0,0.073314,0,0.21193,0.65511,0.57158,0.15453,0.086957,0.01145,0.55319,1,0.091336,37.2
0.0059323,0.2,0.12867,0,0.53909,0.75857,0.89083,0.091862,0.17391,0.14695,0.042553,0.97849,0.15259,43.1
0.00032348,0.95,0.081378,0,0.063992,0.82238,0.31205,0.36268,0.13043,0.070611,0.2234,0.98961,0.057395,48.5
9.7674e-005,0.9,0.027493,1,0.032922,0.83579,0.22554,0.43243,0,0.020992,0.10638,0.99652,0.039459,50
